09 May 2024,S/O,"KAREN WILSON , FP 09/05/24 30 , 05023100832512000R",-1.00,-2161.44,GORDON SMITH L & J,835100-10919524
09 May 2024,POS,"4624 08MAY24 D , SMARTY CO UK , MAIDENHEAD GB",-4.50,-2160.44,GORDON SMITH L & J,835100-10919524
08 May 2024,POS,"1160 07MAY24 , AMAZON , PRIME*HC7C56FU4 , AMZN.CO.UK/PM GB",-8.99,-2155.94,GORDON SMITH L & J,835100-10919524
08 May 2024,POS,"7782 07MAY24 , BATCH COFFEE UK , STOKE-ON-TREN GB",-19.59,-2146.95,GORDON SMITH L & J,835100-10919524
08 May 2024,DPC,"THE EDINBURGH ACAD, WH1-24 CAMERON G S, VIA ONLINE - PYMT , FP 08/05/24 10 , 41182338283574000R",-170.00,-2127.36,GORDON SMITH L & J,835100-10919524
08 May 2024,DPC,"THE EDINBURGH ACAD, EMILY GS BRO-24 , VIA ONLINE - PYMT , FP 08/05/24 10 , 19182621020230000R",-100.00,-1957.36,GORDON SMITH L & J,835100-10919524
08 May 2024,CHG,22APR A/C 10919524,-20.00,-1857.36,GORDON SMITH L & J,835100-10919524
08 May 2024,INT,22APR A/C 10919524,-36.76,-1837.36,GORDON SMITH L & J,835100-10919524
07 May 2024,D/D,PERFECT PET,-19.68,-1800.60,GORDON SMITH L & J,835100-10919524
07 May 2024,POS,"1160 05MAY24 , PLUSNET PLC , 0845 1400200 GB",-30.20,-1780.92,GORDON SMITH L & J,835100-10919524
07 May 2024,DPC,"THE EDINBURGH ACAD, WH1-24 CAMERON G S, VIA ONLINE - PYMT , FP 07/05/24 10 , 37130441559946000R",-170.00,-1750.72,GORDON SMITH L & J,835100-10919524
03 May 2024,S/O,"SPOILT PAWS , FP 03/05/24 30 , 18023159138456000R",-27.00,-1580.72,GORDON SMITH L & J,835100-10919524
03 May 2024,DPC,"ACC-RBSPLAT , 552085******4659 , VIA MOBILE - PYMT , FP 03/05/24 10 , 34070736519987000R",-19.47,-1553.72,GORDON SMITH L & J,835100-10919524
03 May 2024,DPC,"125 CITY OF EDINBU, EMILY GS , VIA MOBILE - PYMT , FP 03/05/24 10 , 64070658860530000R",-30.00,-1534.25,GORDON SMITH L & J,835100-10919524
02 May 2024,S/O,"KAREN WILSON , FP 02/05/24 30 , 25023119431873000R",-1.00,-1504.25,GORDON SMITH L & J,835100-10919524
01 May 2024,D/D,EDINBURGH COUNCIL,-312.00,-1503.25,GORDON SMITH L & J,835100-10919524
01 May 2024,D/D,DIRECT LINE INS,-58.83,-1191.25,GORDON SMITH L & J,835100-10919524
01 May 2024,D/D,DAVID LLOYD LEISUR,-61.00,-1132.42,GORDON SMITH L & J,835100-10919524
01 May 2024,D/D,AIG LIFE LTD,-25.71,-1071.42,GORDON SMITH L & J,835100-10919524
01 May 2024,D/D,EDINBURGH ACADEMY,-1121.66,-1045.71,GORDON SMITH L & J,835100-10919524
01 May 2024,D/D,EDINBURGH ACADEMY,-1160.00,75.95,GORDON SMITH L & J,835100-10919524
01 May 2024,S/O,YVETTE GREIG,-15.00,1235.95,GORDON SMITH L & J,835100-10919524
30 Apr 2024,D/D,VODAFONE LTD,-45.80,1250.95,GORDON SMITH L & J,835100-10919524
30 Apr 2024,POS,"1160 30APR24 , AUDIBLE UK , ADBL.CO/PYMT GB",-7.99,1296.75,GORDON SMITH L & J,835100-10919524
29 Apr 2024,D/D,OCTOPUS ENERGY,-186.00,1304.74,GORDON SMITH L & J,835100-10919524
29 Apr 2024,D/D,D&G APPLIANCE CARE,-7.74,1490.74,GORDON SMITH L & J,835100-10919524
29 Apr 2024,DPC,"The Edinburgh Acad, Emily GS BRO-024 , VIA MOBILE - PYMT , FP 29/04/24 10 , 10092703237287000R",-100.00,1498.48,GORDON SMITH L & J,835100-10919524
29 Apr 2024,BAC,HMRC CHILD BENEFIT,170.20,1598.48,GORDON SMITH L & J,835100-10919524
26 Apr 2024,S/O,"SPOILT PAWS , FP 26/04/24 30 , 11023152541603000R",-27.00,1428.28,GORDON SMITH L & J,835100-10919524
25 Apr 2024,S/O,"KAREN WILSON , FP 25/04/24 30 , 36023112946419000R",-1.00,1455.28,GORDON SMITH L & J,835100-10919524
25 Apr 2024,BAC,A9 P/S WAGES A/C,2366.47,1456.28,GORDON SMITH L & J,835100-10919524
23 Apr 2024,S/O,"L GORDON SMITH , FP 23/04/24 30 , 16023054603043000R",-250.00,-910.19,GORDON SMITH L & J,835100-10919524
23 Apr 2024,S/O,"L GORDON SMITH , FP 23/04/24 30 , 12023054597310000R",-400.00,-660.19,GORDON SMITH L & J,835100-10919524
23 Apr 2024,POS,"1160 22APR24 , AMAZON* , 204-0301467-12 , LONDON GB",-6.99,-260.19,GORDON SMITH L & J,835100-10919524
23 Apr 2024,POS,"1160 22APR24 , AMAZON* , 204-5723911-09 , LONDON GB",-29.99,-253.20,GORDON SMITH L & J,835100-10919524
23 Apr 2024,POS,"1160 22APR24 , AMAZON* , 204-0743171-18 , LONDON GB",-5.99,-223.21,GORDON SMITH L & J,835100-10919524
23 Apr 2024,BAC,"FP RETURN 23/04/24, 12023054597310000R, RET CODE 00000014",400.00,-217.22,GORDON SMITH L & J,835100-10919524
22 Apr 2024,D/D,LLOYDS BANK MTG,-576.92,-617.22,GORDON SMITH L & J,835100-10919524
22 Apr 2024,D/D,TV LICENCE MBP,-13.25,-40.30,GORDON SMITH L & J,835100-10919524
22 Apr 2024,S/O,"ANGELA HERKES , FP 22/04/24 30 , 39013114961021000R",-30.00,-27.05,GORDON SMITH L & J,835100-10919524
22 Apr 2024,S/O,"L GORDON SMITH , FP 22/04/24 30 , 43013114972296000R",-250.00,2.95,GORDON SMITH L & J,835100-10919524
22 Apr 2024,DPC,"From A/C 00759901 , GORDON-SMITH J/RPR, Via Mobile Xfer",1000.00,252.95,GORDON SMITH L & J,835100-10919524
19 Apr 2024,S/O,"SPOILT PAWS , FP 19/04/24 30 , 37023134234566000R",-27.00,-747.05,GORDON SMITH L & J,835100-10919524
19 Apr 2024,BAC,LLOYDS BANK PLC,1938.80,-720.05,GORDON SMITH L & J,835100-10919524
18 Apr 2024,S/O,"KAREN WILSON , FP 18/04/24 30 , 50023104380940000R",-1.00,-2658.85,GORDON SMITH L & J,835100-10919524
17 Apr 2024,D/D,EDINBURGH ACADEMY,-126.82,-2657.85,GORDON SMITH L & J,835100-10919524
17 Apr 2024,D/D,EDINBURGH ACADEMY,-247.50,-2531.03,GORDON SMITH L & J,835100-10919524
17 Apr 2024,POS,"1160 17APR24 , NETFLIX.COM , LONDON GB",-4.99,-2283.53,GORDON SMITH L & J,835100-10919524
16 Apr 2024,D/D,RBS,-20.00,-2278.54,GORDON SMITH L & J,835100-10919524
16 Apr 2024,D/D,RBS,-20.00,-2258.54,GORDON SMITH L & J,835100-10919524
15 Apr 2024,D/D,RBS MASTERCARD,-69.13,-2238.54,GORDON SMITH L & J,835100-10919524
15 Apr 2024,D/D,AVIVA LIFE,-5.00,-2169.41,GORDON SMITH L & J,835100-10919524
15 Apr 2024,POS,"1160 14APR24 , AMAZON , MUSIC*HP7S608M4 , AMAZON.CO.UK GB",-5.99,-2164.41,GORDON SMITH L & J,835100-10919524
15 Apr 2024,POS,"7782 14APR24 , APPLE.COM/BILL , APPLE.COM/BIL IE",-17.99,-2158.42,GORDON SMITH L & J,835100-10919524
15 Apr 2024,POS,"7782 13APR24 , APPLE.COM/BILL , CORK IE",-2.99,-2140.43,GORDON SMITH L & J,835100-10919524
15 Apr 2024,POS,"4624 13APR24 D , SMARTY CO UK , MAIDENHEAD GB",-10.00,-2137.44,GORDON SMITH L & J,835100-10919524
15 Apr 2024,DPC,"From A/C 00759901 , GORDON-SMITH J/RPR, Via Mobile Xfer",500.00,-2127.44,GORDON SMITH L & J,835100-10919524
12 Apr 2024,D/D,L&G INSURANCE MI,-15.54,-2627.44,GORDON SMITH L & J,835100-10919524
11 Apr 2024,D/D,HOMESERVE GB LIMIT,-7.74,-2611.90,GORDON SMITH L & J,835100-10919524
11 Apr 2024,S/O,"KAREN WILSON , FP 11/04/24 30 , 11023050608651000R",-1.00,-2604.16,GORDON SMITH L & J,835100-10919524
10 Apr 2024,POS,"7782 09APR24 , BATCH COFFEE UK , STOKE-ON-TREN GB",-19.59,-2603.16,GORDON SMITH L & J,835100-10919524
10 Apr 2024,POS,"1160 09APR24 , AMAZON.CO.U , K*HP4WN5CU4 , AMAZON.CO.UK GB",-21.85,-2583.57,GORDON SMITH L & J,835100-10919524
